28.54478063 77.19092175 0 0
28.54476178 77.19087079 5 0
28.54473115 77.19080105 12 0
28.54470995 77.19071522 21 0
28.54469345 77.19065085 27 0
28.54464869 77.19054088 38 0
28.54462512 77.19044968 48 0
28.54460156 77.19037727 56 0
28.54458271 77.19029948 64 0
28.54460863 77.19023779 70 0
28.54462984 77.19017878 77 0
28.54467460 77.19007954 87 0
28.54471701 77.18999103 97 0
28.54474529 77.18990520 107 0
28.54477592 77.18981937 116 0
28.54479712 77.19099954 8 1
28.54483718 77.19108805 17 1
28.54486781 77.19118729 28 1
28.54489844 77.19128117 37 1
28.54492436 77.19138578 48 1
28.54496677 77.19149038 59 1
28.54501389 77.19160840 71 1
28.54503510 77.19170496 81 1
28.54507515 77.19182298 93 1
28.54512699 77.19197586 109 1
28.54517175 77.19209388 121 1
28.54521417 77.19223335 135 1














